-48.101 8.9292 -15.4601 -101.8247 -134.056 -65.4968 32.982 63.1649 -93.0902 -4.531
-49.9636 -142.8894 -226.2582 -211.3216 -137.63 -99.0562 -95.9607 -103.6243 -162.0336 -137.4798
33.298 -4.8167 -56.2879 -4.597 89.8988 85.8677 32.8257 49.0272 8.4081 69.6223
-71.791 -66.8023 -74.1104 -59.1573 28.9549 83.8565 -22.1502 -199.5665 -176.8518 -256.4766
159.569 61.2882 4.1433 52.475 139.9503 193.6496 202.4394 161.1277 29.0592 80.2623
-79.2614 -116.2942 -113.0866 -46.7483 10.0646 21.5179 -15.6122 -129.7239 -225.7566 -243.2686
246.1155 320.0642 261.1062 143.3261 119.6723 220.3435 371.7169 472.2795 342.0343 443.4931
-49.2273 -55.2001 -18.9697 -62.5851 -111.4326 -42.3979 45.5275 12.9085 -70.5257 -67.6782
12.3795 -72.6613 -199.9332 -243.8343 -162.1005 -75.092 -69.7015 -81.1935 -200.2143 -96.2736
83.2416 56.327 15.214 -10.0793 -7.3924 15.1445 22.9502 -29.8367 -128.1838 -115.3288
140.7957 13.0084 -44.9196 47.7429 195.9174 252.6932 178.6896 31.8531 -81.8471 -83.1852
-31.1523 -48.5855 -45.5877 -15.7446 4.4029 -25.7238 -74.229 -98.0764 -78.5771 -102.4516
-28.8986 -28.3064 -46.4182 -11.5233 45.4698 22.5628 -55.5175 -69.9608 4.8987 -17.5606
-63.7929 -68.2763 -30.1148 6.8476 17.1178 -7.9843 -56.1293 -87.357 -5.1039 -67.6507
-192.4503 -160.3912 -218.8692 -244.6909 -196.5738 -181.132 -201.1523 -164.5242 -141.0155 -110.6721
-41.4957 -12.7087 44.4076 103.0909 112.264 48.5716 -13.0168 9.3966 78.8464 65.7206
53.0636 -117.2323 -216.8389 -220.6128 -183.7468 -104.9201 11.9991 87.7124 -50.5764 51.0587
-68.7004 -4.259 16.8877 -62.8594 -200.0388 -237.4686 -141.3668 -45.7418 -50.0808 -32.2242
40.0552 -11.4179 -71.1862 -43.1648 40.2563 59.9021 4.6097 -37.5498 -53.2021 -44.2503
318.1345 344.135 287.0565 202.3284 158.7391 161.6725 188.8864 214.7101 175.1145 201.1739
-50.5212 -31.5638 -30.1223 -44.2223 -42.5506 -51.9385 -101.2035 -115.0612 6.3026 -42.7686
144.0257 183.4571 128.0069 74.167 84.6333 85.7623 49.9492 45.6091 116.4949 82.7085
317.9426 379.7272 315.0149 274.9054 296.4492 263.4369 216.0889 285.536 391.3773 395.2439
234.0613 196.5578 159.79 128.8451 126.0996 166.1243 218.6561 228.0769 149.6694 185.0645
-327.0818 -351.2578 -430.2152 -484.3077 -471.1864 -394.2957 -274.6295 -210.9584 -420.7023 -290.3094
161.989 211.3603 160.8988 35.6602 -34.735 42.1814 205.0449 321.952 300.4755 340.2606
43.7141 -19.892 -124.8522 -157.8318 -91.7615 3.8236 58.5734 52.9595 -15.2971 13.4025
130.9055 124.3711 95.2851 100.2895 162.8921 193.4603 137.5355 61.8641 97.9148 44.301
176.5635 139.2948 44.0391 8.5415 17.1294 26.4466 64.9656 125.4827 113.3227 141.1999
170.5535 177.5683 144.5474 101.3637 90.699 125.0999 197.1754 233.1732 68.5597 161.075
212.2883 167.9122 168.233 222.6819 271.5918 271.3352 241.0525 240.8173 257.6695 267.9134
287.5863 218.9656 172.9863 176.1343 203.8611 244.7702 286.1637 273.6321 187.1978 207.1454
512.2411 508.6397 490.7031 460.8041 428.151 423.2926 449.0111 478.5571 507.8064 497.4823
380.9622 361.0892 319.1638 298.2161 309.0333 341.0171 383.5694 401.7606 354.979 378.325
485.2223 473.4424 404.5486 343.4888 361.778 387.8435 350.9773 317.452 362.7572 339.7158
223.4778 237.1506 182.8874 111.0492 114.507 156.9216 145.4376 94.0136 85.4006 73.0442
171.3374 198.8306 190.7554 178.7825 184.7106 185.5741 168.3034 162.9354 252.4634 200.3477
-230.9824 -219.3037 -285.4323 -374.7854 -345.0769 -229.3329 -231.1909 -359.9027 -285.6408 -394.4458
319.0115 301.9001 212.133 143.1682 162.7064 205.135 207.0425 202.9452 205.8461 211.5122
41.8424 -42.3905 -53.2519 -46.4456 -54.5968 -15.2265 47.6735 12.3788 -117.4147 -98.3712
133.0806 104.0957 31.7359 -0.3021 36.0088 88.3959 115.4081 114.9742 58.5516 88.5024
-55.8119 -83.2371 -113.0506 -137.1005 -97.4265 -35.9666 -53.1996 -114.278 -107.3284 -126.3942
110.3805 117.1513 175.2956 215.2725 204.7252 227.5628 328.3432 394.4873 261.1712 344.3206
-205.773 -238.0535 -253.4617 -224.5278 -190.1324 -195.0593 -206.354 -180.9758 -182.6026 -161.0358
-249.3723 -237.0987 -241.3387 -262.6686 -308.6758 -376.3477 -447.0694 -461.5001 -251.1761 -374.172
-386.2779 -419.2141 -435.5719 -402.9969 -385.6557 -395.8919 -389.69 -379.5341 -334.6759 -374.2354
-205.1746 -165.3992 -227.9301 -303.8728 -307.9984 -287.8735 -296.6135 -301.1128 -264.083 -284.8692
-363.2867 -406.4804 -445.6291 -458.7966 -451.8522 -383.8794 -288.6524 -296.6717 -378.1231 -379.891
154.4586 139.7803 32.6812 -69.238 -47.9076 60.6855 130.8817 109.704 -10.7757 36.7597
-154.082 -105.713 -97.5679 -163.8011 -211.5701 -165.0602 -101.2568 -117.8323 -181.0652 -173.2546
245.6967 203.5318 132.1154 59.5534 85.1437 194.3666 267.6135 257.7261 153.8081 203.5069
64.4812 77.7969 69.1139 17.9422 30.102 90.9892 69.2198 -6.095 -1.2947 -18.7578
80.7533 106.7154 119.0031 128.0163 131.0029 129.6269 150.1491 188.2922 195.7801 203.5346
64.1372 68.758 17.4688 -28.657 39.2326 139.1306 138.292 69.4075 21.7853 22.9446
102.5124 92.6649 102.3222 117.2203 122.6724 123.6445 129.0754 135.2882 120.6648 133.8301
-158.0362 -181.1083 -105.4596 -7.0097 36.443 80.4035 166.7334 201.2484 56.5528 131.8629
-214.4965 -240.4117 -230.7327 -196.8327 -173.5372 -179.5925 -197.523 -193.0835 -150.5084 -168.9095
-162.2297 -115.1508 -1.4095 107.5996 141.5855 136.6476 186.0271 270.6644 228.5235 287.9847
-252.2949 -206.9564 -197.8235 -205.6381 -209.3892 -199.1554 -203.3957 -246.5189 -182.6155 -261.9987
-163.1033 -155.2872 -81.5477 -22.7592 -17.6941 -44.5751 -63.2414 -9.9551 158.9798 108.5218
-70.8424 -77.048 -128.4377 -165.2278 -119.2956 -22.6385 31.9648 14.955 -56.6444 -27.9576
-117.0639 -115.5911 -152.0131 -119.9098 -80.5795 -123.8166 -140.4424 -40.1134 31.3077 47.4217
81.3575 106.3493 57.9894 -40.8168 -35.891 83.6525 153.5934 114.3775 39.9463 60.6111
8.1291 -6.8424 -83.0717 -117.8034 -59.8601 4.5405 15.7864 33.8894 33.5465 66.724
117.1411 119.9822 143.8275 183.1977 186.3094 147.9991 111.425 54.2188 -14.1604 -23.6647
41.2403 46.3423 41.5529 14.1561 16.8914 67.0852 89.4916 35.8704 -38.1589 -36.4173
239.1839 161.2742 118.3878 149.8277 167.1747 101.7625 35.5019 51.6967 44.8718 78.6289
206.5937 217.5875 211.7128 210.2409 238.7413 289.6199 324.7503 338.5446 342.2699 352.1565
-158.7892 -186.3593 -179.906 -124.0367 -79.8672 -66.363 -45.7242 -36.7971 -107.6524 -74.7284
123.1712 158.9608 161.7279 163.9472 197.2788 216.508 202.0124 201.0853 187.9241 214.8506
-56.3204 -24.6958 -52.6793 -49.8231 -4.715 38.8107 73.9477 75.1957 63.6677 41.2938
40.7799 35.4613 -3.0615 26.3796 102.4988 103.0821 28.0381 4.9107 117.8942 69.7406
-46.7716 -21.9812 -90.2448 -117.8568 -56.0259 -8.721 -3.2171 13.3756 31.1295 32.8712
-145.9472 -123.9399 -133.5443 -138.8115 -96.3609 -84.8203 -122.9168 -99.7681 7.8592 -17.2341
254.9256 189.2403 145.8745 169.5849 219.0835 199.4617 123.9235 85.6853 82.2335 91.4663
210.0054 199.1561 216.5957 218.7253 231.2446 268.1862 278.8337 259.9147 237.3529 252.2372
-17.0687 -32.9192 -19.2317 8.8526 17.0162 37.8788 99.9202 140.7384 33.3784 102.4437
207.7162 159.7687 117.1856 129.3179 160.6476 153.1832 114.3436 90.8207 64.2048 85.4679
-35.0713 -14.6803 -11.9094 -23.5472 4.6733 83.7648 129.6196 85.0579 12.1477 16.4532
102.4983 51.7533 68.0061 108.4665 99.0467 72.1666 69.6344 68.1541 18.5155 48.4108
59.6169 44.9762 50.3048 83.4121 106.0091 90.0651 66.7113 54.572 43.6203 42.5903
84.1964 32.8556 33.0268 68.1838 78.2345 49.7443 31.1637 40.9726 8.7159 35.7056
-49.7065 -76.2532 -66.818 -10.893 39.5124 71.5233 91.6435 62.597 44.0917 17.3128
124.4298 55.5937 25.9889 44.3675 44.2838 16.6229 -5.9039 -3.5508 50.7852 28.5839
-107.1494 -96.4176 -81.8655 -68.7257 -61.7796 -45.7456 -8.1207 0.1104 -78.184 -49.2881
16.317 7.9559 -5.6335 -0.3744 -1.8535 -31.5179 -38.1739 14.7865 20.744 56.4687
-155.6408 -173.1784 -166.1794 -107.3897 -58.8579 -56.5416 -65.8068 -81.7701 -135.5262 -120.6959
97.3452 116.866 151.2607 150.0774 163.8629 191.2266 179.7214 160.4424 189.8273 182.5113
-124.4307 -131.8975 -147.8511 -169.517 -164.9064 -112.4349 -43.7243 -0.2538 -6.978 9.9956
61.6555 30.223 56.3837 87.2287 80.2556 60.8315 38.6762 31.5048 132.203 81.1253
30.4829 11.142 42.2109 42.0896 12.8411 38.4597 66.8255 25.4849 56.0684 8.4169
114.9542 83.5456 75.8152 93.8311 71.3004 22.4389 26.1742 77.2227 103.9542 107.527
135.3978 80.0508 31.5325 55.3567 111.7734 143.9896 171.1284 194.6236 171.2929 184.1982
168.2103 160.1147 161.5395 134.0144 96.2781 93.2665 115.5133 122.6914 129.7939 120.3059
-35.1276 -40.9916 6.5118 5.7568 -21.21 -6.764 30.748 39.4056 -37.3045 9.8591
63.6387 86.7497 88.5509 45.2025 -16.916 -22.6533 34.4059 82.4291 134.0545 105.1151
8.8092 -29.8424 -31.4582 17.6578 41.0488 33.0381 46.2724 34.0298 -84.6095 -45.0004
72.8631 49.153 56.6356 37.4932 -13.8589 -9.6636 51.6321 87.2562 94.4209 90.6433
-119.9532 -108.7812 -139.9741 -161.9249 -141.9969 -84.4502 -11.1784 33.9383 -12.8796 21.7371
22.1673 51.4984 54.1802 46.6982 45.1934 41.6205 34.9624 33.0708 48.8587 40.3007
1655.0469 1542.0132 1454.7384 1414.9522 1458.615 1574.6073 1636.378 1569.7615 1408.6782 1469.6327
184.4846 194.7495 219.3156 205.7219 167.0633 152.2285 160.6724 168.084 155.5806 169.2787
13.7051 -19.5456 -42.973 -24.7611 13.851 32.4519 39.722 53.2654 19.3704 50.8218
11.7571 9.2391 34.8012 27.2686 -11.4677 -25.5874 -35.0112 -58.0978 9.0054 -39.7602
85.0379 91.1198 79.4037 72.1931 90.7792 117.8312 122.7356 95.8004 42.0661 55.738
104.9828 86.0352 89.2271 112.4827 124.9505 105.8708 71.6234 55.5917 -3.8192 45.2479
-46.2343 -57.3494 -54.3731 -25.0973 26.1716 44.9513 10.5789 -36.3836 -160.6115 -90.6814
42.5319 -5.3141 -25.5714 -27.1886 -9.7345 0.1845 -20.8036 -26.422 -20.0249 -0.2468
11.4472 -9.0972 8.7196 36.6294 41.9653 46.3827 72.4099 70.0313 -52.0778 4.1644
123.2984 99.7296 59.0409 31.2087 30.3726 27.8063 10.4049 26.0761 114.6226 88.6282
-4.4855 -0.1091 -16.4485 -24.7126 13.9531 73.89 82.2652 42.4109 18.6073 21.1287
121.4362 115.1853 69.5854 73.1902 154.2763 191.9197 136.2428 90.1911 108.2522 102.5453
41.59 24.6516 51.719 95.4748 117.7108 119.5638 111.4697 95.3952 -11.3512 59.6085
-24.9457 -23.0256 17.6241 104.6552 161.415 122.1094 35.4048 -15.4026 13.9566 -9.8917
4.9256 -48.4694 -63.2454 -5.7819 65.9551 81.4994 61.5546 41.1734 -53.6192 1.5398
-83.683 -60.4324 -30.9407 40.824 109.7673 93.8734 9.0283 -70.3034 -122.7304 -116.9986
-40.4875 -30.6335 -25.7976 -43.0193 -35.005 0.5861 11.8882 11.4965 37.2154 35.0478
30.9801 25.8443 58.4084 94.0907 94.3164 56.2144 9.8938 -23.8978 -16.3494 -33.2452
-61.0519 -80.2739 -86.6307 -40.9471 -8.8223 -28.6749 -45.3616 -35.7759 -52.4626 -37.7561
-50.5398 -30.3937 31.0857 81.9772 98.1221 75.5427 20.0767 -60.0278 -107.3628 -122.2091
-10.5861 13.4901 -5.7665 1.6583 24.4753 3.9269 -0.5344 77.8922 91.8191 141.8059
128.7698 129.4744 208.8081 280.1455 279.9 247.9465 204.826 103.8839 -5.6311 -7.7983
