-48.101 8.9292 -15.4601 -101.8247 -134.056 -65.4968 32.982 -4.531 -93.0902 63.1649
-49.9636 -142.8894 -226.2582 -211.3216 -137.63 -99.0562 -95.9607 -137.4798 -162.0336 -103.6243
33.298 -4.8167 -56.2879 -4.597 89.8988 85.8677 32.8257 69.6223 8.4081 49.0272
-71.791 -66.8023 -74.1104 -59.1573 28.9549 83.8565 -22.1502 -256.4766 -176.8518 -199.5665
159.569 61.2882 4.1433 52.475 139.9503 193.6496 202.4394 80.2623 29.0592 161.1277
-79.2614 -116.2942 -113.0866 -46.7483 10.0646 21.5179 -15.6122 -243.2686 -225.7566 -129.7239
246.1155 320.0642 261.1062 143.3261 119.6723 220.3435 371.7169 443.4931 342.0343 472.2795
-49.2273 -55.2001 -18.9697 -62.5851 -111.4326 -42.3979 45.5275 -67.6782 -70.5257 12.9085
12.3795 -72.6613 -199.9332 -243.8343 -162.1005 -75.092 -69.7015 -96.2736 -200.2143 -81.1935
83.2416 56.327 15.214 -10.0793 -7.3924 15.1445 22.9502 -115.3288 -128.1838 -29.8367
140.7957 13.0084 -44.9196 47.7429 195.9174 252.6932 178.6896 -83.1852 -81.8471 31.8531
-31.1523 -48.5855 -45.5877 -15.7446 4.4029 -25.7238 -74.229 -102.4516 -78.5771 -98.0764
-28.8986 -28.3064 -46.4182 -11.5233 45.4698 22.5628 -55.5175 -17.5606 4.8987 -69.9608
-63.7929 -68.2763 -30.1148 6.8476 17.1178 -7.9843 -56.1293 -67.6507 -5.1039 -87.357
-192.4503 -160.3912 -218.8692 -244.6909 -196.5738 -181.132 -201.1523 -110.6721 -141.0155 -164.5242
-41.4957 -12.7087 44.4076 103.0909 112.264 48.5716 -13.0168 65.7206 78.8464 9.3966
53.0636 -117.2323 -216.8389 -220.6128 -183.7468 -104.9201 11.9991 51.0587 -50.5764 87.7124
-68.7004 -4.259 16.8877 -62.8594 -200.0388 -237.4686 -141.3668 -32.2242 -50.0808 -45.7418
40.0552 -11.4179 -71.1862 -43.1648 40.2563 59.9021 4.6097 -44.2503 -53.2021 -37.5498
318.1345 344.135 287.0565 202.3284 158.7391 161.6725 188.8864 201.1739 175.1145 214.7101
-50.5212 -31.5638 -30.1223 -44.2223 -42.5506 -51.9385 -101.2035 -42.7686 6.3026 -115.0612
144.0257 183.4571 128.0069 74.167 84.6333 85.7623 49.9492 82.7085 116.4949 45.6091
317.9426 379.7272 315.0149 274.9054 296.4492 263.4369 216.0889 395.2439 391.3773 285.536
234.0613 196.5578 159.79 128.8451 126.0996 166.1243 218.6561 185.0645 149.6694 228.0769
-327.0818 -351.2578 -430.2152 -484.3077 -471.1864 -394.2957 -274.6295 -290.3094 -420.7023 -210.9584
161.989 211.3603 160.8988 35.6602 -34.735 42.1814 205.0449 340.2606 300.4755 321.952
43.7141 -19.892 -124.8522 -157.8318 -91.7615 3.8236 58.5734 13.4025 -15.2971 52.9595
130.9055 124.3711 95.2851 100.2895 162.8921 193.4603 137.5355 44.301 97.9148 61.8641
176.5635 139.2948 44.0391 8.5415 17.1294 26.4466 64.9656 141.1999 113.3227 125.4827
170.5535 177.5683 144.5474 101.3637 90.699 125.0999 197.1754 161.075 68.5597 233.1732
212.2883 167.9122 168.233 222.6819 271.5918 271.3352 241.0525 267.9134 257.6695 240.8173
287.5863 218.9656 172.9863 176.1343 203.8611 244.7702 286.1637 207.1454 187.1978 273.6321
512.2411 508.6397 490.7031 460.8041 428.151 423.2926 449.0111 497.4823 507.8064 478.5571
380.9622 361.0892 319.1638 298.2161 309.0333 341.0171 383.5694 378.325 354.979 401.7606
485.2223 473.4424 404.5486 343.4888 361.778 387.8435 350.9773 339.7158 362.7572 317.452
223.4778 237.1506 182.8874 111.0492 114.507 156.9216 145.4376 73.0442 85.4006 94.0136
171.3374 198.8306 190.7554 178.7825 184.7106 185.5741 168.3034 200.3477 252.4634 162.9354
-230.9824 -219.3037 -285.4323 -374.7854 -345.0769 -229.3329 -231.1909 -394.4458 -285.6408 -359.9027
319.0115 301.9001 212.133 143.1682 162.7064 205.135 207.0425 211.5122 205.8461 202.9452
41.8424 -42.3905 -53.2519 -46.4456 -54.5968 -15.2265 47.6735 -98.3712 -117.4147 12.3788
133.0806 104.0957 31.7359 -0.3021 36.0088 88.3959 115.4081 88.5024 58.5516 114.9742
-55.8119 -83.2371 -113.0506 -137.1005 -97.4265 -35.9666 -53.1996 -126.3942 -107.3284 -114.278
110.3805 117.1513 175.2956 215.2725 204.7252 227.5628 328.3432 344.3206 261.1712 394.4873
-205.773 -238.0535 -253.4617 -224.5278 -190.1324 -195.0593 -206.354 -161.0358 -182.6026 -180.9758
-249.3723 -237.0987 -241.3387 -262.6686 -308.6758 -376.3477 -447.0694 -374.172 -251.1761 -461.5001
-386.2779 -419.2141 -435.5719 -402.9969 -385.6557 -395.8919 -389.69 -374.2354 -334.6759 -379.5341
-205.1746 -165.3992 -227.9301 -303.8728 -307.9984 -287.8735 -296.6135 -284.8692 -264.083 -301.1128
-363.2867 -406.4804 -445.6291 -458.7966 -451.8522 -383.8794 -288.6524 -379.891 -378.1231 -296.6717
154.4586 139.7803 32.6812 -69.238 -47.9076 60.6855 130.8817 36.7597 -10.7757 109.704
-154.082 -105.713 -97.5679 -163.8011 -211.5701 -165.0602 -101.2568 -173.2546 -181.0652 -117.8323
245.6967 203.5318 132.1154 59.5534 85.1437 194.3666 267.6135 203.5069 153.8081 257.7261
64.4812 77.7969 69.1139 17.9422 30.102 90.9892 69.2198 -18.7578 -1.2947 -6.095
80.7533 106.7154 119.0031 128.0163 131.0029 129.6269 150.1491 203.5346 195.7801 188.2922
64.1372 68.758 17.4688 -28.657 39.2326 139.1306 138.292 22.9446 21.7853 69.4075
102.5124 92.6649 102.3222 117.2203 122.6724 123.6445 129.0754 133.8301 120.6648 135.2882
-158.0362 -181.1083 -105.4596 -7.0097 36.443 80.4035 166.7334 131.8629 56.5528 201.2484
-214.4965 -240.4117 -230.7327 -196.8327 -173.5372 -179.5925 -197.523 -168.9095 -150.5084 -193.0835
-162.2297 -115.1508 -1.4095 107.5996 141.5855 136.6476 186.0271 287.9847 228.5235 270.6644
-252.2949 -206.9564 -197.8235 -205.6381 -209.3892 -199.1554 -203.3957 -261.9987 -182.6155 -246.5189
-163.1033 -155.2872 -81.5477 -22.7592 -17.6941 -44.5751 -63.2414 108.5218 158.9798 -9.9551
-70.8424 -77.048 -128.4377 -165.2278 -119.2956 -22.6385 31.9648 -27.9576 -56.6444 14.955
-117.0639 -115.5911 -152.0131 -119.9098 -80.5795 -123.8166 -140.4424 47.4217 31.3077 -40.1134
81.3575 106.3493 57.9894 -40.8168 -35.891 83.6525 153.5934 60.6111 39.9463 114.3775
8.1291 -6.8424 -83.0717 -117.8034 -59.8601 4.5405 15.7864 66.724 33.5465 33.8894
117.1411 119.9822 143.8275 183.1977 186.3094 147.9991 111.425 -23.6647 -14.1604 54.2188
41.2403 46.3423 41.5529 14.1561 16.8914 67.0852 89.4916 -36.4173 -38.1589 35.8704
239.1839 161.2742 118.3878 149.8277 167.1747 101.7625 35.5019 78.6289 44.8718 51.6967
206.5937 217.5875 211.7128 210.2409 238.7413 289.6199 324.7503 352.1565 342.2699 338.5446
-158.7892 -186.3593 -179.906 -124.0367 -79.8672 -66.363 -45.7242 -74.7284 -107.6524 -36.7971
123.1712 158.9608 161.7279 163.9472 197.2788 216.508 202.0124 214.8506 187.9241 201.0853
-56.3204 -24.6958 -52.6793 -49.8231 -4.715 38.8107 73.9477 41.2938 63.6677 75.1957
40.7799 35.4613 -3.0615 26.3796 102.4988 103.0821 28.0381 69.7406 117.8942 4.9107
-46.7716 -21.9812 -90.2448 -117.8568 -56.0259 -8.721 -3.2171 32.8712 31.1295 13.3756
-145.9472 -123.9399 -133.5443 -138.8115 -96.3609 -84.8203 -122.9168 -17.2341 7.8592 -99.7681
254.9256 189.2403 145.8745 169.5849 219.0835 199.4617 123.9235 91.4663 82.2335 85.6853
210.0054 199.1561 216.5957 218.7253 231.2446 268.1862 278.8337 252.2372 237.3529 259.9147
-17.0687 -32.9192 -19.2317 8.8526 17.0162 37.8788 99.9202 102.4437 33.3784 140.7384
207.7162 159.7687 117.1856 129.3179 160.6476 153.1832 114.3436 85.4679 64.2048 90.8207
-35.0713 -14.6803 -11.9094 -23.5472 4.6733 83.7648 129.6196 16.4532 12.1477 85.0579
102.4983 51.7533 68.0061 108.4665 99.0467 72.1666 69.6344 48.4108 18.5155 68.1541
59.6169 44.9762 50.3048 83.4121 106.0091 90.0651 66.7113 42.5903 43.6203 54.572
84.1964 32.8556 33.0268 68.1838 78.2345 49.7443 31.1637 35.7056 8.7159 40.9726
-49.7065 -76.2532 -66.818 -10.893 39.5124 71.5233 91.6435 17.3128 44.0917 62.597
124.4298 55.5937 25.9889 44.3675 44.2838 16.6229 -5.9039 28.5839 50.7852 -3.5508
-107.1494 -96.4176 -81.8655 -68.7257 -61.7796 -45.7456 -8.1207 -49.2881 -78.184 0.1104
16.317 7.9559 -5.6335 -0.3744 -1.8535 -31.5179 -38.1739 56.4687 20.744 14.7865
-155.6408 -173.1784 -166.1794 -107.3897 -58.8579 -56.5416 -65.8068 -120.6959 -135.5262 -81.7701
97.3452 116.866 151.2607 150.0774 163.8629 191.2266 179.7214 182.5113 189.8273 160.4424
-124.4307 -131.8975 -147.8511 -169.517 -164.9064 -112.4349 -43.7243 9.9956 -6.978 -0.2538
61.6555 30.223 56.3837 87.2287 80.2556 60.8315 38.6762 81.1253 132.203 31.5048
30.4829 11.142 42.2109 42.0896 12.8411 38.4597 66.8255 8.4169 56.0684 25.4849
114.9542 83.5456 75.8152 93.8311 71.3004 22.4389 26.1742 107.527 103.9542 77.2227
135.3978 80.0508 31.5325 55.3567 111.7734 143.9896 171.1284 184.1982 171.2929 194.6236
168.2103 160.1147 161.5395 134.0144 96.2781 93.2665 115.5133 120.3059 129.7939 122.6914
-35.1276 -40.9916 6.5118 5.7568 -21.21 -6.764 30.748 9.8591 -37.3045 39.4056
63.6387 86.7497 88.5509 45.2025 -16.916 -22.6533 34.4059 105.1151 134.0545 82.4291
8.8092 -29.8424 -31.4582 17.6578 41.0488 33.0381 46.2724 -45.0004 -84.6095 34.0298
72.8631 49.153 56.6356 37.4932 -13.8589 -9.6636 51.6321 90.6433 94.4209 87.2562
-119.9532 -108.7812 -139.9741 -161.9249 -141.9969 -84.4502 -11.1784 21.7371 -12.8796 33.9383
22.1673 51.4984 54.1802 46.6982 45.1934 41.6205 34.9624 40.3007 48.8587 33.0708
1655.0469 1542.0132 1454.7384 1414.9522 1458.615 1574.6073 1636.378 1469.6327 1408.6782 1569.7615
184.4846 194.7495 219.3156 205.7219 167.0633 152.2285 160.6724 169.2787 155.5806 168.084
13.7051 -19.5456 -42.973 -24.7611 13.851 32.4519 39.722 50.8218 19.3704 53.2654
11.7571 9.2391 34.8012 27.2686 -11.4677 -25.5874 -35.0112 -39.7602 9.0054 -58.0978
85.0379 91.1198 79.4037 72.1931 90.7792 117.8312 122.7356 55.738 42.0661 95.8004
104.9828 86.0352 89.2271 112.4827 124.9505 105.8708 71.6234 45.2479 -3.8192 55.5917
-46.2343 -57.3494 -54.3731 -25.0973 26.1716 44.9513 10.5789 -90.6814 -160.6115 -36.3836
42.5319 -5.3141 -25.5714 -27.1886 -9.7345 0.1845 -20.8036 -0.2468 -20.0249 -26.422
11.4472 -9.0972 8.7196 36.6294 41.9653 46.3827 72.4099 4.1644 -52.0778 70.0313
123.2984 99.7296 59.0409 31.2087 30.3726 27.8063 10.4049 88.6282 114.6226 26.0761
-4.4855 -0.1091 -16.4485 -24.7126 13.9531 73.89 82.2652 21.1287 18.6073 42.4109
121.4362 115.1853 69.5854 73.1902 154.2763 191.9197 136.2428 102.5453 108.2522 90.1911
41.59 24.6516 51.719 95.4748 117.7108 119.5638 111.4697 59.6085 -11.3512 95.3952
-24.9457 -23.0256 17.6241 104.6552 161.415 122.1094 35.4048 -9.8917 13.9566 -15.4026
4.9256 -48.4694 -63.2454 -5.7819 65.9551 81.4994 61.5546 1.5398 -53.6192 41.1734
-83.683 -60.4324 -30.9407 40.824 109.7673 93.8734 9.0283 -116.9986 -122.7304 -70.3034
-40.4875 -30.6335 -25.7976 -43.0193 -35.005 0.5861 11.8882 35.0478 37.2154 11.4965
30.9801 25.8443 58.4084 94.0907 94.3164 56.2144 9.8938 -33.2452 -16.3494 -23.8978
-61.0519 -80.2739 -86.6307 -40.9471 -8.8223 -28.6749 -45.3616 -37.7561 -52.4626 -35.7759
-50.5398 -30.3937 31.0857 81.9772 98.1221 75.5427 20.0767 -122.2091 -107.3628 -60.0278
-10.5861 13.4901 -5.7665 1.6583 24.4753 3.9269 -0.5344 141.8059 91.8191 77.8922
128.7698 129.4744 208.8081 280.1455 279.9 247.9465 204.826 -7.7983 -5.6311 103.8839
