-48.101 -15.4601 -101.8247 -134.056 -65.4968 32.982 63.1649 -4.531 -93.0902 8.9292
-49.9636 -226.2582 -211.3216 -137.63 -99.0562 -95.9607 -103.6243 -137.4798 -162.0336 -142.8894
33.298 -56.2879 -4.597 89.8988 85.8677 32.8257 49.0272 69.6223 8.4081 -4.8167
-71.791 -74.1104 -59.1573 28.9549 83.8565 -22.1502 -199.5665 -256.4766 -176.8518 -66.8023
159.569 4.1433 52.475 139.9503 193.6496 202.4394 161.1277 80.2623 29.0592 61.2882
-79.2614 -113.0866 -46.7483 10.0646 21.5179 -15.6122 -129.7239 -243.2686 -225.7566 -116.2942
246.1155 261.1062 143.3261 119.6723 220.3435 371.7169 472.2795 443.4931 342.0343 320.0642
-49.2273 -18.9697 -62.5851 -111.4326 -42.3979 45.5275 12.9085 -67.6782 -70.5257 -55.2001
12.3795 -199.9332 -243.8343 -162.1005 -75.092 -69.7015 -81.1935 -96.2736 -200.2143 -72.6613
83.2416 15.214 -10.0793 -7.3924 15.1445 22.9502 -29.8367 -115.3288 -128.1838 56.327
140.7957 -44.9196 47.7429 195.9174 252.6932 178.6896 31.8531 -83.1852 -81.8471 13.0084
-31.1523 -45.5877 -15.7446 4.4029 -25.7238 -74.229 -98.0764 -102.4516 -78.5771 -48.5855
-28.8986 -46.4182 -11.5233 45.4698 22.5628 -55.5175 -69.9608 -17.5606 4.8987 -28.3064
-63.7929 -30.1148 6.8476 17.1178 -7.9843 -56.1293 -87.357 -67.6507 -5.1039 -68.2763
-192.4503 -218.8692 -244.6909 -196.5738 -181.132 -201.1523 -164.5242 -110.6721 -141.0155 -160.3912
-41.4957 44.4076 103.0909 112.264 48.5716 -13.0168 9.3966 65.7206 78.8464 -12.7087
53.0636 -216.8389 -220.6128 -183.7468 -104.9201 11.9991 87.7124 51.0587 -50.5764 -117.2323
-68.7004 16.8877 -62.8594 -200.0388 -237.4686 -141.3668 -45.7418 -32.2242 -50.0808 -4.259
40.0552 -71.1862 -43.1648 40.2563 59.9021 4.6097 -37.5498 -44.2503 -53.2021 -11.4179
318.1345 287.0565 202.3284 158.7391 161.6725 188.8864 214.7101 201.1739 175.1145 344.135
-50.5212 -30.1223 -44.2223 -42.5506 -51.9385 -101.2035 -115.0612 -42.7686 6.3026 -31.5638
144.0257 128.0069 74.167 84.6333 85.7623 49.9492 45.6091 82.7085 116.4949 183.4571
317.9426 315.0149 274.9054 296.4492 263.4369 216.0889 285.536 395.2439 391.3773 379.7272
234.0613 159.79 128.8451 126.0996 166.1243 218.6561 228.0769 185.0645 149.6694 196.5578
-327.0818 -430.2152 -484.3077 -471.1864 -394.2957 -274.6295 -210.9584 -290.3094 -420.7023 -351.2578
161.989 160.8988 35.6602 -34.735 42.1814 205.0449 321.952 340.2606 300.4755 211.3603
43.7141 -124.8522 -157.8318 -91.7615 3.8236 58.5734 52.9595 13.4025 -15.2971 -19.892
130.9055 95.2851 100.2895 162.8921 193.4603 137.5355 61.8641 44.301 97.9148 124.3711
176.5635 44.0391 8.5415 17.1294 26.4466 64.9656 125.4827 141.1999 113.3227 139.2948
170.5535 144.5474 101.3637 90.699 125.0999 197.1754 233.1732 161.075 68.5597 177.5683
212.2883 168.233 222.6819 271.5918 271.3352 241.0525 240.8173 267.9134 257.6695 167.9122
287.5863 172.9863 176.1343 203.8611 244.7702 286.1637 273.6321 207.1454 187.1978 218.9656
512.2411 490.7031 460.8041 428.151 423.2926 449.0111 478.5571 497.4823 507.8064 508.6397
380.9622 319.1638 298.2161 309.0333 341.0171 383.5694 401.7606 378.325 354.979 361.0892
485.2223 404.5486 343.4888 361.778 387.8435 350.9773 317.452 339.7158 362.7572 473.4424
223.4778 182.8874 111.0492 114.507 156.9216 145.4376 94.0136 73.0442 85.4006 237.1506
171.3374 190.7554 178.7825 184.7106 185.5741 168.3034 162.9354 200.3477 252.4634 198.8306
-230.9824 -285.4323 -374.7854 -345.0769 -229.3329 -231.1909 -359.9027 -394.4458 -285.6408 -219.3037
319.0115 212.133 143.1682 162.7064 205.135 207.0425 202.9452 211.5122 205.8461 301.9001
41.8424 -53.2519 -46.4456 -54.5968 -15.2265 47.6735 12.3788 -98.3712 -117.4147 -42.3905
133.0806 31.7359 -0.3021 36.0088 88.3959 115.4081 114.9742 88.5024 58.5516 104.0957
-55.8119 -113.0506 -137.1005 -97.4265 -35.9666 -53.1996 -114.278 -126.3942 -107.3284 -83.2371
110.3805 175.2956 215.2725 204.7252 227.5628 328.3432 394.4873 344.3206 261.1712 117.1513
-205.773 -253.4617 -224.5278 -190.1324 -195.0593 -206.354 -180.9758 -161.0358 -182.6026 -238.0535
-249.3723 -241.3387 -262.6686 -308.6758 -376.3477 -447.0694 -461.5001 -374.172 -251.1761 -237.0987
-386.2779 -435.5719 -402.9969 -385.6557 -395.8919 -389.69 -379.5341 -374.2354 -334.6759 -419.2141
-205.1746 -227.9301 -303.8728 -307.9984 -287.8735 -296.6135 -301.1128 -284.8692 -264.083 -165.3992
-363.2867 -445.6291 -458.7966 -451.8522 -383.8794 -288.6524 -296.6717 -379.891 -378.1231 -406.4804
154.4586 32.6812 -69.238 -47.9076 60.6855 130.8817 109.704 36.7597 -10.7757 139.7803
-154.082 -97.5679 -163.8011 -211.5701 -165.0602 -101.2568 -117.8323 -173.2546 -181.0652 -105.713
245.6967 132.1154 59.5534 85.1437 194.3666 267.6135 257.7261 203.5069 153.8081 203.5318
64.4812 69.1139 17.9422 30.102 90.9892 69.2198 -6.095 -18.7578 -1.2947 77.7969
80.7533 119.0031 128.0163 131.0029 129.6269 150.1491 188.2922 203.5346 195.7801 106.7154
64.1372 17.4688 -28.657 39.2326 139.1306 138.292 69.4075 22.9446 21.7853 68.758
102.5124 102.3222 117.2203 122.6724 123.6445 129.0754 135.2882 133.8301 120.6648 92.6649
-158.0362 -105.4596 -7.0097 36.443 80.4035 166.7334 201.2484 131.8629 56.5528 -181.1083
-214.4965 -230.7327 -196.8327 -173.5372 -179.5925 -197.523 -193.0835 -168.9095 -150.5084 -240.4117
-162.2297 -1.4095 107.5996 141.5855 136.6476 186.0271 270.6644 287.9847 228.5235 -115.1508
-252.2949 -197.8235 -205.6381 -209.3892 -199.1554 -203.3957 -246.5189 -261.9987 -182.6155 -206.9564
-163.1033 -81.5477 -22.7592 -17.6941 -44.5751 -63.2414 -9.9551 108.5218 158.9798 -155.2872
-70.8424 -128.4377 -165.2278 -119.2956 -22.6385 31.9648 14.955 -27.9576 -56.6444 -77.048
-117.0639 -152.0131 -119.9098 -80.5795 -123.8166 -140.4424 -40.1134 47.4217 31.3077 -115.5911
81.3575 57.9894 -40.8168 -35.891 83.6525 153.5934 114.3775 60.6111 39.9463 106.3493
8.1291 -83.0717 -117.8034 -59.8601 4.5405 15.7864 33.8894 66.724 33.5465 -6.8424
117.1411 143.8275 183.1977 186.3094 147.9991 111.425 54.2188 -23.6647 -14.1604 119.9822
41.2403 41.5529 14.1561 16.8914 67.0852 89.4916 35.8704 -36.4173 -38.1589 46.3423
239.1839 118.3878 149.8277 167.1747 101.7625 35.5019 51.6967 78.6289 44.8718 161.2742
206.5937 211.7128 210.2409 238.7413 289.6199 324.7503 338.5446 352.1565 342.2699 217.5875
-158.7892 -179.906 -124.0367 -79.8672 -66.363 -45.7242 -36.7971 -74.7284 -107.6524 -186.3593
123.1712 161.7279 163.9472 197.2788 216.508 202.0124 201.0853 214.8506 187.9241 158.9608
-56.3204 -52.6793 -49.8231 -4.715 38.8107 73.9477 75.1957 41.2938 63.6677 -24.6958
40.7799 -3.0615 26.3796 102.4988 103.0821 28.0381 4.9107 69.7406 117.8942 35.4613
-46.7716 -90.2448 -117.8568 -56.0259 -8.721 -3.2171 13.3756 32.8712 31.1295 -21.9812
-145.9472 -133.5443 -138.8115 -96.3609 -84.8203 -122.9168 -99.7681 -17.2341 7.8592 -123.9399
254.9256 145.8745 169.5849 219.0835 199.4617 123.9235 85.6853 91.4663 82.2335 189.2403
210.0054 216.5957 218.7253 231.2446 268.1862 278.8337 259.9147 252.2372 237.3529 199.1561
-17.0687 -19.2317 8.8526 17.0162 37.8788 99.9202 140.7384 102.4437 33.3784 -32.9192
207.7162 117.1856 129.3179 160.6476 153.1832 114.3436 90.8207 85.4679 64.2048 159.7687
-35.0713 -11.9094 -23.5472 4.6733 83.7648 129.6196 85.0579 16.4532 12.1477 -14.6803
102.4983 68.0061 108.4665 99.0467 72.1666 69.6344 68.1541 48.4108 18.5155 51.7533
59.6169 50.3048 83.4121 106.0091 90.0651 66.7113 54.572 42.5903 43.6203 44.9762
84.1964 33.0268 68.1838 78.2345 49.7443 31.1637 40.9726 35.7056 8.7159 32.8556
-49.7065 -66.818 -10.893 39.5124 71.5233 91.6435 62.597 17.3128 44.0917 -76.2532
124.4298 25.9889 44.3675 44.2838 16.6229 -5.9039 -3.5508 28.5839 50.7852 55.5937
-107.1494 -81.8655 -68.7257 -61.7796 -45.7456 -8.1207 0.1104 -49.2881 -78.184 -96.4176
16.317 -5.6335 -0.3744 -1.8535 -31.5179 -38.1739 14.7865 56.4687 20.744 7.9559
-155.6408 -166.1794 -107.3897 -58.8579 -56.5416 -65.8068 -81.7701 -120.6959 -135.5262 -173.1784
97.3452 151.2607 150.0774 163.8629 191.2266 179.7214 160.4424 182.5113 189.8273 116.866
-124.4307 -147.8511 -169.517 -164.9064 -112.4349 -43.7243 -0.2538 9.9956 -6.978 -131.8975
61.6555 56.3837 87.2287 80.2556 60.8315 38.6762 31.5048 81.1253 132.203 30.223
30.4829 42.2109 42.0896 12.8411 38.4597 66.8255 25.4849 8.4169 56.0684 11.142
114.9542 75.8152 93.8311 71.3004 22.4389 26.1742 77.2227 107.527 103.9542 83.5456
135.3978 31.5325 55.3567 111.7734 143.9896 171.1284 194.6236 184.1982 171.2929 80.0508
168.2103 161.5395 134.0144 96.2781 93.2665 115.5133 122.6914 120.3059 129.7939 160.1147
-35.1276 6.5118 5.7568 -21.21 -6.764 30.748 39.4056 9.8591 -37.3045 -40.9916
63.6387 88.5509 45.2025 -16.916 -22.6533 34.4059 82.4291 105.1151 134.0545 86.7497
8.8092 -31.4582 17.6578 41.0488 33.0381 46.2724 34.0298 -45.0004 -84.6095 -29.8424
72.8631 56.6356 37.4932 -13.8589 -9.6636 51.6321 87.2562 90.6433 94.4209 49.153
-119.9532 -139.9741 -161.9249 -141.9969 -84.4502 -11.1784 33.9383 21.7371 -12.8796 -108.7812
22.1673 54.1802 46.6982 45.1934 41.6205 34.9624 33.0708 40.3007 48.8587 51.4984
1655.0469 1454.7384 1414.9522 1458.615 1574.6073 1636.378 1569.7615 1469.6327 1408.6782 1542.0132
184.4846 219.3156 205.7219 167.0633 152.2285 160.6724 168.084 169.2787 155.5806 194.7495
13.7051 -42.973 -24.7611 13.851 32.4519 39.722 53.2654 50.8218 19.3704 -19.5456
11.7571 34.8012 27.2686 -11.4677 -25.5874 -35.0112 -58.0978 -39.7602 9.0054 9.2391
85.0379 79.4037 72.1931 90.7792 117.8312 122.7356 95.8004 55.738 42.0661 91.1198
104.9828 89.2271 112.4827 124.9505 105.8708 71.6234 55.5917 45.2479 -3.8192 86.0352
-46.2343 -54.3731 -25.0973 26.1716 44.9513 10.5789 -36.3836 -90.6814 -160.6115 -57.3494
42.5319 -25.5714 -27.1886 -9.7345 0.1845 -20.8036 -26.422 -0.2468 -20.0249 -5.3141
11.4472 8.7196 36.6294 41.9653 46.3827 72.4099 70.0313 4.1644 -52.0778 -9.0972
123.2984 59.0409 31.2087 30.3726 27.8063 10.4049 26.0761 88.6282 114.6226 99.7296
-4.4855 -16.4485 -24.7126 13.9531 73.89 82.2652 42.4109 21.1287 18.6073 -0.1091
121.4362 69.5854 73.1902 154.2763 191.9197 136.2428 90.1911 102.5453 108.2522 115.1853
41.59 51.719 95.4748 117.7108 119.5638 111.4697 95.3952 59.6085 -11.3512 24.6516
-24.9457 17.6241 104.6552 161.415 122.1094 35.4048 -15.4026 -9.8917 13.9566 -23.0256
4.9256 -63.2454 -5.7819 65.9551 81.4994 61.5546 41.1734 1.5398 -53.6192 -48.4694
-83.683 -30.9407 40.824 109.7673 93.8734 9.0283 -70.3034 -116.9986 -122.7304 -60.4324
-40.4875 -25.7976 -43.0193 -35.005 0.5861 11.8882 11.4965 35.0478 37.2154 -30.6335
30.9801 58.4084 94.0907 94.3164 56.2144 9.8938 -23.8978 -33.2452 -16.3494 25.8443
-61.0519 -86.6307 -40.9471 -8.8223 -28.6749 -45.3616 -35.7759 -37.7561 -52.4626 -80.2739
-50.5398 31.0857 81.9772 98.1221 75.5427 20.0767 -60.0278 -122.2091 -107.3628 -30.3937
-10.5861 -5.7665 1.6583 24.4753 3.9269 -0.5344 77.8922 141.8059 91.8191 13.4901
128.7698 208.8081 280.1455 279.9 247.9465 204.826 103.8839 -7.7983 -5.6311 129.4744
